ROTEL P5/X5 Tasmota IR Codes

IR CODE 01 SOURCE CD:
IRSend 38,9026,4526,553,1711,553,1711,553,579,553,579,553,579,553,579,553,579,553,1711,553,1711,553,579,553,579,553,579,553,1711,553,579,553,579,553,579,553,1711,553,579,553,579,553,579,553,579,553,579,553,579,553,579,553,579,553,1711,553,1711,553,1711,553,1711,553,1711,553,1711,553,1711,553,44026,9026,2263,553,98211

IR CODE 02 SOURCE TUNER:
IRSend 38,9026,4526,553,1711,553,1711,553,579,553,579,553,579,553,579,553,579,553,1711,553,1711,553,579,553,579,553,579,553,1711,553,579,553,579,553,579,553,579,553,1711,553,579,553,579,553,579,553,579,553,579,553,579,553,1711,553,579,553,1711,553,1711,553,1711,553,1711,553,1711,553,1711,553,44026,9026,2263,553,98211

IR CODE 03 SOURCE AUX 1:
IRSend 38,9026,4526,553,1711,553,1711,553,579,553,579,553,579,553,579,553,579,553,1711,553,1711,553,579,553,579,553,579,553,1711,553,579,553,579,553,579,553,1711,553,1711,553,579,553,579,553,579,553,579,553,579,553,579,553,579,553,579,553,1711,553,1711,553,1711,553,1711,553,1711,553,1711,553,44026,9026,2263,553,98211

IR CODE 04 SOURCE AUX 2:
IRSend 38,9026,4526,553,1711,553,1711,553,579,553,579,553,579,553,579,553,579,553,1711,553,1711,553,579,553,579,553,579,553,1711,553,579,553,579,553,579,553,579,553,579,553,1711,553,579,553,579,553,579,553,579,553,579,553,1711,553,1711,553,579,553,1711,553,1711,553,1711,553,1711,553,1711,553,44026,9026,2263,553,98211

IR CODE 07 SOURCE COAX 1:
IRSend 38,9026,4526,553,1711,553,1711,553,579,553,579,553,579,553,579,553,579,553,1711,553,1711,553,579,553,579,553,579,553,1711,553,579,553,579,553,579,553,1711,553,1711,553,1711,553,579,553,579,553,579,553,579,553,579,553,579,553,579,553,579,553,1711,553,1711,553,1711,553,1711,553,1711,553,44026,9026,2263,553,98211

IR CODE 08 SOURCE COAX 2:
IRSend 38,9026,4526,553,1711,553,1711,553,579,553,579,553,579,553,579,553,579,553,1711,553,1711,553,579,553,579,553,579,553,1711,553,579,553,579,553,579,553,579,553,579,553,579,553,1711,553,579,553,579,553,579,553,579,553,1711,553,1711,553,1711,553,579,553,1711,553,1711,553,1711,553,1711,553,44026,9026,2263,553,98211

IR CODE 0A SOURCE PHONO:
IRSend 38,9026,4526,553,1711,553,1711,553,579,553,579,553,579,553,579,553,579,553,1711,553,1711,553,579,553,579,553,579,553,1711,553,579,553,579,553,579,553,579,553,579,553,579,553,1711,553,579,553,579,553,579,553,579,553,1711,553,1711,553,1711,553,579,553,1711,553,1711,553,1711,553,1711,553,44026,9026,2263,553,98211

IR CODE 15 AUDIO:
IRSend 38,9026,4526,553,1711,553,1711,553,579,553,579,553,579,553,579,553,579,553,1711,553,1711,553,579,553,579,553,579,553,1711,553,579,553,579,553,579,553,1711,553,579,553,1711,553,579,553,1711,553,579,553,579,553,579,553,579,553,1711,553,579,553,1711,553,579,553,1711,553,1711,553,1711,553,44026,9026,2263,553,98211

IR CODE 16 VOLUME UP:
IRSend 38,9026,4526,553,1711,553,1711,553,579,553,579,553,579,553,579,553,579,553,1711,553,1711,553,579,553,579,553,579,553,1711,553,579,553,579,553,579,553,579,553,1711,553,1711,553,579,553,1711,553,579,553,579,553,579,553,1711,553,579,553,579,553,1711,553,579,553,1711,553,1711,553,1711,553,44026,9026,2263,553,98211

IR CODE 17 VOLUME DOWN:
IRSend 38,9026,4526,553,1711,553,1711,553,579,553,579,553,579,553,579,553,579,553,1711,553,1711,553,579,553,579,553,579,553,1711,553,579,553,579,553,579,553,1711,553,1711,553,1711,553,579,553,1711,553,579,553,579,553,579,553,579,553,579,553,579,553,1711,553,579,553,1711,553,1711,553,1711,553,44026,9026,2263,553,98211

IR CODE 18 MUTE TOGGLE:
IRSend 38,9026,4526,553,1711,553,1711,553,579,553,579,553,579,553,579,553,579,553,1711,553,1711,553,579,553,579,553,579,553,1711,553,579,553,579,553,579,553,579,553,579,553,579,553,1711,553,1711,553,579,553,579,553,579,553,1711,553,1711,553,1711,553,579,553,579,553,1711,553,1711,553,1711,553,44026,9026,2263,553,98211

IR CODE 1E ENTER:
IRSend 38,9026,4526,553,1711,553,1711,553,579,553,579,553,579,553,579,553,579,553,1711,553,1711,553,579,553,579,553,579,553,1711,553,579,553,579,553,579,553,579,553,1711,553,1711,553,1711,553,1711,553,579,553,579,553,579,553,1711,553,579,553,579,553,579,553,579,553,1711,553,1711,553,1711,553,44026,9026,2263,553,98211

IR CODE 42 SETUP:
IRSend 38,9026,4526,553,1711,553,1711,553,579,553,579,553,579,553,579,553,579,553,1711,553,1711,553,579,553,579,553,579,553,1711,553,579,553,579,553,579,553,579,553,1711,553,579,553,579,553,579,553,579,553,1711,553,579,553,1711,553,579,553,1711,553,1711,553,1711,553,1711,553,579,553,1711,553,44026,9026,2263,553,98211

IR CODE 55 DISPLAY ON:
IRSend 38,9026,4526,553,1711,553,1711,553,579,553,579,553,579,553,579,553,579,553,1711,553,1711,553,579,553,579,553,579,553,1711,553,579,553,579,553,579,553,1711,553,579,553,1711,553,579,553,1711,553,579,553,1711,553,579,553,579,553,1711,553,579,553,1711,553,579,553,1711,553,579,553,1711,553,44026,9026,2263,553,98211

IR CODE 56 SOURCE:
IRSend 38,9026,4526,553,1711,553,1711,553,579,553,579,553,579,553,579,553,579,553,1711,553,1711,553,579,553,579,553,579,553,1711,553,579,553,579,553,579,553,579,553,1711,553,1711,553,579,553,1711,553,579,553,1711,553,579,553,1711,553,579,553,579,553,1711,553,579,553,1711,553,579,553,1711,553,44026,9026,2263,553,98211

IR CODE 57 CURSOR UP:
IRSend 38,9026,4526,553,1711,553,1711,553,579,553,579,553,579,553,579,553,579,553,1711,553,1711,553,579,553,579,553,579,553,1711,553,579,553,579,553,579,553,1711,553,1711,553,1711,553,579,553,1711,553,579,553,1711,553,579,553,579,553,579,553,579,553,1711,553,579,553,1711,553,579,553,1711,553,44026,9026,2263,553,98211

IR CODE 58 CURSOR DOWN:
IRSend 38,9026,4526,553,1711,553,1711,553,579,553,579,553,579,553,579,553,579,553,1711,553,1711,553,579,553,579,553,579,553,1711,553,579,553,579,553,579,553,579,553,579,553,579,553,1711,553,1711,553,579,553,1711,553,579,553,1711,553,1711,553,1711,553,579,553,579,553,1711,553,579,553,1711,553,44026,9026,2263,553,98211

IR CODE 5F DISPLAY OFF:
IRSend 38,9026,4526,553,1711,553,1711,553,579,553,579,553,579,553,579,553,579,553,1711,553,1711,553,579,553,579,553,579,553,1711,553,579,553,579,553,579,553,1711,553,1711,553,1711,553,1711,553,1711,553,579,553,1711,553,579,553,579,553,579,553,579,553,579,553,579,553,1711,553,579,553,1711,553,44026,9026,2263,553,98211

IR CODE 80 POWER OFF:
IRSend 38,9026,4526,553,1711,553,1711,553,579,553,579,553,579,553,579,553,579,553,1711,553,1711,553,579,553,579,553,579,553,1711,553,579,553,579,553,579,553,579,553,579,553,579,553,579,553,579,553,579,553,579,553,1711,553,1711,553,1711,553,1711,553,1711,553,1711,553,1711,553,1711,553,579,553,44026,9026,2263,553,98211

IR CODE 8C SOURCE COAX 3:
IRSend 38,9026,4526,553,1711,553,1711,553,579,553,579,553,579,553,579,553,579,553,1711,553,1711,553,579,553,579,553,579,553,1711,553,579,553,579,553,579,553,579,553,579,553,1711,553,1711,553,579,553,579,553,579,553,1711,553,1711,553,1711,553,579,553,579,553,1711,553,1711,553,1711,553,579,553,44026,9026,2263,553,98211

IR CODE 8D SOURCE OPTICAL 3:
IRSend 38,9026,4526,553,1711,553,1711,553,579,553,579,553,579,553,579,553,579,553,1711,553,1711,553,579,553,579,553,579,553,1711,553,579,553,579,553,579,553,1711,553,579,553,1711,553,1711,553,579,553,579,553,579,553,1711,553,579,553,1711,553,579,553,579,553,1711,553,1711,553,1711,553,579,553,44026,9026,2263,553,98211

IR CODE 98 POWER ON:
IRSend 38,9026,4526,553,1711,553,1711,553,579,553,579,553,579,553,579,553,579,553,1711,553,1711,553,579,553,579,553,579,553,1711,553,579,553,579,553,579,553,579,553,579,553,579,553,1711,553,1711,553,579,553,579,553,1711,553,1711,553,1711,553,1711,553,579,553,579,553,1711,553,1711,553,579,553,44026,9026,2263,553,98211

IR CODE CE SOURCE OPTICAL 1:
IRSend 38,9026,4526,553,1711,553,1711,553,579,553,579,553,579,553,579,553,579,553,1711,553,1711,553,579,553,579,553,579,553,1711,553,579,553,579,553,579,553,579,553,1711,553,1711,553,1711,553,579,553,579,553,1711,553,1711,553,1711,553,579,553,579,553,579,553,1711,553,1711,553,579,553,579,553,44026,9026,2263,553,98211

IR CODE CF SOURCE OPTICAL 2:
IRSend 38,9026,4526,553,1711,553,1711,553,579,553,579,553,579,553,579,553,579,553,1711,553,1711,553,579,553,579,553,579,553,1711,553,579,553,579,553,579,553,1711,553,1711,553,1711,553,1711,553,579,553,579,553,1711,553,1711,553,579,553,579,553,579,553,579,553,1711,553,1711,553,579,553,579,553,44026,9026,2263,553,98211

IR CODE D0 SOURCE PC-USB:
IRSend 38,9026,4526,553,1711,553,1711,553,579,553,579,553,579,553,579,553,579,553,1711,553,1711,553,579,553,579,553,579,553,1711,553,579,553,579,553,579,553,579,553,579,553,579,553,579,553,1711,553,579,553,1711,553,1711,553,1711,553,1711,553,1711,553,1711,553,579,553,1711,553,579,553,579,553,44026,9026,2263,553,98211

IR CODE D1 SOURCE BLUETOOTH:
IRSend 38,9026,4526,553,1711,553,1711,553,579,553,579,553,579,553,579,553,579,553,1711,553,1711,553,579,553,579,553,579,553,1711,553,579,553,579,553,579,553,1711,553,579,553,579,553,579,553,1711,553,579,553,1711,553,1711,553,579,553,1711,553,1711,553,1711,553,579,553,1711,553,579,553,579,553,44026,9026,2263,553,98211

IR CODE D2 SOURCE XLR:
IRSend 38,9026,4526,553,1711,553,1711,553,579,553,579,553,579,553,579,553,579,553,1711,553,1711,553,579,553,579,553,579,553,1711,553,579,553,579,553,579,553,579,553,1711,553,579,553,579,553,1711,553,579,553,1711,553,1711,553,1711,553,579,553,1711,553,1711,553,579,553,1711,553,579,553,579,553,44026,9026,2263,553,98211


BLUETOOTH/PC-USB CODES

IR CODE 0B PAUSE:
IRSend 38,9026,4526,553,1711,553,1711,553,579,553,579,553,579,553,579,553,579,553,1711,553,579,553,579,553,1711,553,579,553,1711,553,579,553,579,553,579,553,1711,553,1711,553,579,553,1711,553,579,553,579,553,579,553,579,553,579,553,579,553,1711,553,579,553,1711,553,1711,553,1711,553,1711,553,44026,9026,2263,553,98211

IR CODE 0E |<< TRACK:
IRSend 38,9026,4526,553,1711,553,1711,553,579,553,579,553,579,553,579,553,579,553,1711,553,579,553,579,553,1711,553,579,553,1711,553,579,553,579,553,579,553,579,553,1711,553,1711,553,1711,553,579,553,579,553,579,553,579,553,1711,553,579,553,579,553,579,553,1711,553,1711,553,1711,553,1711,553,44026,9026,2263,553,98211

IR CODE 0F STOP:
IRSend 38,9026,4526,553,1711,553,1711,553,579,553,579,553,579,553,579,553,579,553,1711,553,579,553,579,553,1711,553,579,553,1711,553,579,553,579,553,579,553,1711,553,1711,553,1711,553,1711,553,579,553,579,553,579,553,579,553,579,553,579,553,579,553,579,553,1711,553,1711,553,1711,553,1711,553,44026,9026,2263,553,98211

IR CODE 13 PLAY:
IRSend 38,9026,4526,553,1711,553,1711,553,579,553,579,553,579,553,579,553,579,553,1711,553,579,553,579,553,1711,553,579,553,1711,553,579,553,579,553,579,553,1711,553,1711,553,579,553,579,553,1711,553,579,553,579,553,579,553,579,553,579,553,1711,553,1711,553,579,553,1711,553,1711,553,1711,553,44026,9026,2263,553,98211

IR CODE 1A TRACK >>|:
IRSend 38,9026,4526,553,1711,553,1711,553,579,553,579,553,579,553,579,553,579,553,1711,553,579,553,579,553,1711,553,579,553,1711,553,579,553,579,553,579,553,579,553,1711,553,579,553,1711,553,1711,553,579,553,579,553,579,553,1711,553,579,553,1711,553,579,553,579,553,1711,553,1711,553,1711,553,44026,9026,2263,553,98211